0	0	0	0
0	0	0	0
0	0	0	0
0	0	0	0
0	0	0	0
0	0	0	0
0	0	0	0
0	0	0	0
0	0	0	0
0	0	0	0
0	0	0	0
0	0	0	0
0	0	0	0
0	0	0	0
0	0	0	0
0	0	0	0
67.35	0	0	0
67.347	0	0	0
67.344	0	0	0
67.339	0	0	0
67.374	63.764	0	0
67.361	63.789	0	0
67.33	63.6	0	0
67.336	63.6	0	0
67.329	63.705	72.06	0
67.315	63.843	72.067	0
67.322	63.957	72.072	0
67.289	64	72	0
67.209	64.079	72.13	0
64.081	72.075	48.2	0
64.105	72.09	48.2	0
64.101	72.08	48.2	0
64.099	72.132	48.2	0
64.133	72.098	48.2	0
64.131	72.079	48.163	0
64.117	72.007	48.054	0
64.125	72	48.204	0
64.129	71.982	48.2	0
64.117	71.906	48.2	0
64.134	71.805	48.136	0
64.16	71.945	47.8	0
64.174	71.8	48.2	0
64.2	71.88	48.241	0
64.2	71.965	48.2	0
64.233	71.953	48	0
64.261	72.069	48.2	0
64.276	71.977	48.073	0
64.307	72.132	48.2	0
64.311	71.993	48.2	0
64.287	71.994	48.2	0
64.291	71.989	48.2	0
64.282	71.984	48.159	0
64.248	71.979	48.2	0
64.249	71.978	48	0
64.231	71.984	48.2	0
64.209	71.964	48.2	0
64.2	71.89	48.2	0
64.217	71.851	48.227	0
64.222	72	48.2	0
64.238	72.061	48	0
64.229	72.081	48.2	0
64.226	72.153	48.2	0
64.204	72.222	48.2	0
64.188	72.244	48.2	0
64.17	72.242	48.2	0
64.14	72.125	48.2	0
64.154	72.121	48.2	67.265
64.173	72.132	48.032	67.275
64.2	72.068	48	67.269
64.219	72.087	48	67.254
64.2	71.921	48	67.288
64.2	72.071	47.943	67.276
64.2	72.068	48	67.258
64.194	72	48	67.281
72.047	48	67.244	0
72.072	48.2	67.276	0
72.096	48.2	67.306	0
72.111	48.2	67.315	0
72.136	48.05	67.4	0
72.147	48.2	67.313	62
72.168	48.122	67.313	61.984
72.129	48.2	67.313	62.101
72.174	48.117	67.313	62.2
72.2	67.312	62.2	0
72.2	67.31	62.2	0
72.117	67.4	62.2	0
72.101	62.271	55.282	0
72.079	62.3	55.286	0
62.312	55.205	71.059	0
62.276	55.2	71.2	0
62.2	55.266	71.044	0
62.2	55.35	71	0
62.196	55.394	71.092	0
62.186	55.4	71	0
62.193	55.347	71	0
62.2	55.299	70.941	0
62.2	55.262	71	0
62.2	55.215	71	0
62.195	55.2	71.034	0
62.198	55.2	71.062	0
62.191	55.2	71.105	0
62.189	55.2	71.138	0
62.187	55.2	71.149	0
62.187	55.2	71.166	0
62.184	55.131	71.189	0
62.189	55.2	71.186	0
62.2	55.2	71.164	0
62.2	55.2	71.125	0
62.2	55.2	71.073	0
62.2	55.2	71.011	0
62.2	55.2	71	0
62.2	55.2	71	0
62.2	55.2	71	0
62.2	55.2	70.85	0
62.2	55.2	70.853	0
62.2	55.2	70.875	0
62.2	55.2	70.901	0
62.2	55.2	70.937	0
62.2	55.159	70.993	0
62.2	55.2	71	0
62.2	55.2	71.138	0
62.191	55.2	71.18	0
62.195	55.2	71.166	0
62.194	55.2	71.11	0
62.198	55.2	71.053	0
62.2	55.2	71	0
62.2	55.115	71	0
62.191	55.108	70.863	0
62.176	55.2	70.807	0
62.171	55.132	70.8	0
62.178	55.094	70.8	0
62.196	55.2	70.8	0
62.2	55.2	70.82	0
62.2	55	70.851	0
62.2	54.999	70.889	0
62.2	55.009	70.931	0
62.211	55.036	70.966	0
62.2	55.07	70.986	0
62.185	55.113	71	0
62.161	55.149	71	0
62.156	55.17	71	0
62.165	55.2	71	0
62.2	55.306	71	0
62.2	55.2	70.991	0
62.098	55.483	70.995	0
62.06	55.25	66.302	0
62.024	66.304	68.977	0
61.8	66.278	69	0
62.164	66.316	68.927	50
62.164	66.313	68.92	50
62.164	66.289	69	50
62.164	66.292	68.995	50
62.164	66.325	69	50
61.8	66.329	69	50
62.064	66.326	69.116	49.986
62.2	66.34	69	50
62.2	66.333	69	50.076
62.081	66.322	69	50.143
62.099	66.33	69	50.2
62.13	66.328	69	50.2
62.184	66.31	69	50
62.2	66.311	69.004	50
62.165	66.309	69	50.132
62.172	66.293	69	50
62.135	66.274	69	50
62.167	66.282	69	50
62.225	66.263	69	50
62.134	66.264	69	50
62.167	66.29	69	50
62.2	66.269	69	50
62.183	66.245	69	50.2
62.185	66.27	69	50.203
62.2	66.254	68.998	49.993
62.19	66.256	69	50.2
66.278	69	50	0
66.258	69	50	0
66.241	69	50	0
66.273	68.995	50	0
66.28	69	50	0
66.266	68.938	50.16	0
66.265	69	50	0
66.268	69	50	72.139
66.273	68.99	50	72.06
66.27	69	50	72.131
66.27	69	50	72.08
66.258	68.966	50	72.103
66.251	68.981	50	72.192
66.274	68.999	49.976	72.2
66.273	68.999	50	72.2
66.277	69	50	72.2
66.31	69	50	72.136
66.312	69	50	72.083
66.355	69.031	50	72.041
66.39	69	50	72.129
66.314	69.047	50	72.129
69.172	50	72.119	0
69.195	50	72.133	0
69	50.2	72.132	0
69	50.2	72.143	0
69.065	50.2	0	0
69.068	50.107	0	0
69.069	50.117	0	0
50.129	0	0	0
50.143	62.141	0	0
62.143	0	0	0
62.144	0	0	0
62.079	0	0	0
62.2	0	0	0
62.2	58.996	0	0
62.175	59.012	0	0
62	58.8	43.2	0
62.152	58.964	43.2	0
62.2	59	42.8	0
62.2	59.023	42.8	0
62.15	59.1	43.2	0
62.2	59.2	42.8	0
62.157	59.2	42.989	0
62.162	59.2	43	0
62.104	59.2	42.989	0
62.118	59.173	43	0
62.091	59.171	42.986	0
62.115	59.19	43	0
62.098	59.144	43	0
62.082	59.181	43	0
62.11	59.133	43.2	0
62.084	59.135	42.8	0
62.114	59.128	43	0
62.088	59.109	42.934	0
62.116	59.103	43	0
62.094	59.096	42.8	0
62.109	59.06	42.8	0
62.107	59.046	42.8	0
62.115	59.01	42.8	0
62.123	59.019	42.8	0
62.124	59	43.168	0
62.136	59	43	0
62.134	59.006	43	0
62.125	59	43	0
62.126	59.04	43.092	0
62.128	59.08	43.2	0
62.129	59.076	43.146	0
62.129	59.066	43.2	0
62.132	59.074	43.013	0
62.132	59.03	43	0
62.131	59.04	43	0
62.127	59.002	43	0
62.127	59.019	43	0
62.118	59	42.8	0
62.128	59	43.2	0
62.12	59	42.8	0
62.131	59	43.2	0
62.133	59.018	43	0
62.132	59	43.094	0
62.137	59	43.2	0
62.139	59.008	43.132	0
62.141	59	43.2	0
62.147	59	43.2	0
62.146	59	43.2	0
62.151	59	43.2	0
62.149	59	43.2	0
62.152	59	43.2	0
62.148	59	43.103	0
62.144	59	43.068	0
62.146	59.009	43.032	0
62.147	59.01	43.003	0
62.166	59.051	43.2	0
62.159	59	42.8	0
62.2	59.086	42.8	0
62.2	59	42.8	0
62.2	59.084	42.8	0
62.2	59.044	42.8	0
62.2	59.075	43	0
62.2	59.084	43	0
62	59.103	43.2	0
62.14	59.082	43.2	0
62.136	59.11	43.2	0
62	59.089	43.2	0
62.172	59.086	43.2	0
62.133	59.093	43.2	0
62.152	59.052	43.2	0
62.151	59.066	43.2	0
62.147	59.013	43	0
62.143	59.019	43	0
62.151	59	42.845	0
62.153	59	42.8	0
62.154	59	42.8	0
62.156	59	42.8	0
62.156	59	42.8	0
62.152	59	42.8	0
62.149	59	42.8	0
62.149	59	43	0
62.144	58.994	43	0
62.151	59	43	0
62.151	59	43	0
62.144	59	43.2	0
62.153	59.023	43.2	0
62.147	59.032	43	0
62.159	59	43.2	0
59.024	43.2	0	0
59.046	43.2	0	0
59	43	0	0
59.021	43	0	0
59	42.8	0	0
59	42.8	0	0
59	42.8	0	0
58.992	42.795	0	0
58.944	42.8	0	0
58.959	43.168	0	0
58.965	42.898	0	0
58.954	43	0	0
58.959	43.2	0	0
58.96	43.2	0	0
58.99	43.138	0	0
59	43.2	0	0
59.02	43.2	0	0
59.063	43.2	0	0
59.098	43.2	0	0
59.098	43.2	0	0
59.113	43.2	0	0
59.11	43.2	0	0
59.093	43.2	0	0
59.098	43.072	67.205	0
59.069	43	67.191	0
59.101	43.2	67.244	0
59.152	43.2	67.244	64.134
59	43.152	67.244	64.137
59.2	67.244	64.139	59.842
59.107	67.244	64.2	59.628
59.108	67.244	64	59.8
67.269	64.155	59.8	0
67.2	64.13	59.904	0
67.4	64.179	60.2	0
67.256	64.178	60	48.062
67.256	64.155	59.646	48
67.256	64.171	60.2	48
67.2	64.172	60.009	48
67.2	64.159	60.009	48.011
67.378	64.169	60.009	48.2
67.368	64.165	60.009	48.2
67.236	64.158	60.009	48.164
67.2	64.16	60.009	48.14
64.161	60.091	48.169	0
64.164	60.033	48.2	0
64.157	60	48.177	0
64.157	60.059	47.97	0
64.158	60	48.2	0
64.161	60.079	48	0
64.16	60	48.2	0
64.173	60.094	48.2	0
64.17	60.157	48.2	0
64.168	60.214	48.2	0
64.181	60.171	48.2	0
64.184	60.159	48.2	0
64.2	60.169	48.2	0
64.2	60.177	48.2	0
60.4	48.2	67.246	0
60.302	48.2	67.239	0
60.008	48.2	67.4	0
60.164	48.2	67.242	0
48.2	67.271	62.147	0
48.2	67.239	62.144	0
48.2	67.239	62.135	0
48.2	67.26	62.189	58.2
48.2	67.269	62.123	58.2
48.2	67.256	62.14	58.2
48.2	67.246	62.169	58.266
48.2	67.256	62.133	58.266
48.2	67.241	62.129	58.208
48.2	67.263	62.168	58.242
48.2	67.276	62.126	58.326
48.2	67.241	62.115	58.297
48.236	67.234	62.155	58.203
48.214	67.225	62.106	58.2
48.2	67.232	62.112	58.2
48.2	67.21	62.148	58.2
48.2	67.224	62.11	58.169
48.2	67.224	62.121	58.2
48	67.224	62.167	58.21
48	67.224	62.14	58.2
48	67.224	62.17	58.2
48	67.224	62.228	58.222
48	67.2	58.2	0
48	67.19	58.204	0
48	67.189	58.247	0
48.2	58.236	69.019	0
48.044	58.323	69.027	0
58.292	68.866	53.02	0
58.256	69	52.536	0
58.4	69	53	0
58.296	69.102	53.2	0
58.3	69.139	53.2	0
69.132	53.2	57.083	0
69.142	53.2	57.086	0
69.11	53.144	57.15	0
69.109	53.2	57	0
69.095	53.2	57.022	0
69.2	53.189	57.08	0
69.2	53.205	57.089	0
69.115	53.209	57.2	0
69.13	53.21	57.103	0
69.119	53.269	57.076	0
69.117	53.2	57.18	0
69.113	53.2	57.085	0
69.115	53.2	57.1	0
69.116	53.172	57.056	60.2
69.112	53.172	57.031	60.254
69.054	53.2	57.1	60.2
69.054	53.203	57.025	60.2
69.054	53.2	57.033	60.156
69.089	57.005	60.383	0
69.112	57.11	60.2	0
69.115	57.091	60.2	0
69.117	57.079	60.23	0
69.119	57.074	60.2	0
69.106	57.2	60.233	0
69.119	57	60.32	0
69.17	57	60.219	52.2
69.158	57.066	60.219	52.2
69.143	60.2	52.445	0
69.107	60.2	52.215	0
69.098	60.223	52.203	0
69.082	52.2	54.987	0
69.092	52.2	54.99	0
69.068	52.2	55	0
69.05	52.2	54.924	0
68.993	52.4	54.997	0
68.938	52.2	55	0
68.877	52.2	55	0
68.8	52.4	55.007	0
68.755	52	55.093	0
68.6	52.2	55	0
68.6	52.2	55.012	0
52.2	55.013	67	0
52.2	55	66.8	0
52.2	55.014	67	0
52.2	55.013	67	0
52.2	55	67.045	0
52.2	55	67.062	0
52	55.01	67.018	0
52	55.051	67.4	0
52.2	55	67.099	0
52.4	55.012	67.047	0
55	67.035	70.6	0
55	67.053	70.6	0
55	67.4	70.865	0
55	67.059	70.848	0
55	67.074	70.8	0
55.101	67.107	71	0
67	71	62	0
70.966	62.2	53.216	0
71.019	62.2	53.222	0
71.064	62.18	53.2	0
71	62.158	53.206	0
71.076	62.156	53.218	0
71.2	62.153	53.2	0
71.066	62.171	53.242	0
71.019	62.171	53.2	0
71	62.2	53.3	0
71	62.2	53.264	0
71	62.2	53.4	0
70.948	62.2	53.304	0
70.923	62.212	53.306	0
70.884	62.2	53.4	0
70.891	62.191	53.307	0
70.932	62.195	53.38	0
70.934	62.147	53.256	0
70.995	62	53.263	0
71	62.152	53.359	0
71.038	62.154	53.3	0
71.2	62.14	53.226	0
71.2	62.135	53.311	0
71.2	62.143	53.326	0
71.2	62.108	53.227	0
71.162	62.2	53.32	0
71.019	62.088	53.381	0
71.025	62.099	53.231	0
71	62.2	53.29	0
70.972	62.082	53.375	0
70.95	62.087	53.267	0
70.946	62.071	53.292	0
70.965	62.071	53.349	0
70.982	62.069	53.288	0
71	62.076	53.298	0
71.076	62.061	53.335	0
71.036	62.071	53.274	0
71.131	62	53.232	0
71.122	62.2	53.396	0
71.097	62.1	53.344	0
71.148	62.2	53.4	0
71.063	62.126	53.353	0
71.082	62.124	53.335	0
71.094	62.145	53.201	0
71	62.163	53.348	0
71.074	62.2	53.348	0
71.045	62.2	53.233	0
71.066	62.2	53.295	0
62.2	53.357	0	0
62.2	53.25	71.869	0
62.2	53.266	71.8	0
62.176	53.4	71.773	0
62.107	53.327	71.911	0
62.2	53.4	71.8	0
62.197	53.312	71.8	0
62.182	53.39	72	0
62.18	53.361	72.135	0
62.179	53.2	72.145	0
53.2	72.137	48.086	0
53.299	71.992	48.044	55.201
71.994	48.044	55.201	64.14
71.994	48.044	55.201	64.143
71.96	48.044	55.2	64
48.024	55.2	64.2	0
48.016	55.211	64.183	0
48	55.2	64.172	0
48	55.2	64.172	0
48	55.188	64.17	0
48	55.2	64.165	0
48	55.2	64.16	0
48	55.2	64.156	0
48	55.2	64.138	0
48	55.2	64.131	0
47.954	55.2	64.106	0
48	55.189	64.089	0
48	55.131	64.103	0
48	55.2	64.084	0
47.785	55.2	64.074	0
47.906	55.142	64.103	0
48.02	55.2	64.09	0
47.779	55.2	64.09	0
47.8	55.19	64.112	0
47.8	55.2	63.8	0
47.8	55.2	64.083	0
47.8	55.176	64.092	0
47.909	55.2	64.067	0
48	55.2	64.085	0
48	55.165	64.1	71.957
47.999	55.2	64.07	71.968
47.989	55.2	64.098	71.945
47.888	55.195	64.111	71.922
48	55.2	64.086	72.008
48.036	55.2	64.105	72.021
48	55.177	64	72.155
48.062	55.2	64.084	72.152
48	55.177	64.099	72.137
48	55.133	64.089	72.038
47.984	55.2	64.084	72.028
48	55.167	64.101	71.945
47.884	55.106	64.087	72.007
48.07	55.169	64.091	71.846
47.879	55.17	64.105	71.996
47.869	55.144	64.095	72.024
47.8	55.182	64.103	72.024
47.8	55.155	64.117	72.024
48	55.2	64.1	72.024
48	55.192	64.111	72.024
48	55.2	64.11	72.078
47.8	55.2	64.11	72.083
47.959	55.164	64.112	72.125
47.913	55.2	64.111	72.095
47.987	55.2	64.126	72.2
48.2	55.151	64.125	72
48	55.13	64.122	72.11
48	55.14	64.134	72.037
48	55.157	64.137	72.026
48	55.122	64.117	71.927
48.011	55.163	64.133	71.923
48.161	55.195	64.115	71.963
48	55.111	64.1	72.008
47.931	55.135	64.116	72.008
48	55.2	64.093	71.973
48	55.141	64.111	72.018
48	55.149	64.112	72.052
48	55.2	64.095	72.083
48	55.169	64.118	0
48.2	55.177	64.111	0
48.2	55.2	64.086	0
48.2	55.139	64.107	0
48.2	55.181	64.102	0
48.2	55.177	64.083	0
48.087	55.114	64.111	0
47.9	55.194	64.094	0
48	55.2	64.092	0
48	55.129	64.109	0
47.908	55.187	64.095	0
48	55.2	64.104	0
48	55.129	64.117	0
47.978	55.169	64.122	0
47.962	55.188	64.13	0
48	55.132	64.139	0
48.053	55.153	64.132	0
48.1	55.149	64.138	0
48.2	55.111	64.129	0
48.2	55.177	64.122	0
48.2	55.155	64.124	0
48.2	55.2	64.11	0
48.2	55.196	64.117	0
48.2	55.195	64.126	0
48.2	55.2	64.114	0
48	55.2	64.115	0
48	55.2	64.119	0
48	55.2	64.129	0
48	55.216	64.14	0
48	55.2	64.147	0
48	55.2	64.162	0
48	55.2	63.8	0
48	55.2	0	0
48	55.203	0	0
48	55.202	0	0
48	0	0	0
48	0	0	0
48	0	0	0
48	0	0	0
0	0	0	0
0	0	0	0
0	0	0	0
0	0	0	0
0	0	0	0
0	0	0	0
0	0	0	0
0	0	0	0
0	0	0	0
0	0	0	0
0	0	0	0
0	0	0	0
0	0	0	0
0	0	0	0
0	0	0	0
0	0	0	0
0	0	0	0
0	0	0	0
0	0	0	0
0	0	0	0
0	0	0	0
0	0	0	0
0	0	0	0
0	0	0	0
0	0	0	0
0	0	0	0
0	0	0	0
0	0	0	0
0	0	0	0
0	0	0	0
0	0	0	0
0	0	0	0
0	0	0	0
0	0	0	0
0	0	0	0
0	0	0	0
0	0	0	0
0	0	0	0
0	0	0	0
0	0	0	0
0	0	0	0
0	0	0	0
0	0	0	0
0	0	0	0
0	0	0	0
0	0	0	0
0	0	0	0
0	0	0	0
0	0	0	0
0	0	0	0
0	0	0	0
